47.6666666667
56.6666666667
38.3333333333
41.3333333333
71.6666666667
71.6666666667
67.0
59.0
65.6666666667
83.0
55.6666666667
46.0
55.6666666667
65.0
69.6666666667
66.6666666667
69.6666666667
88.6666666667
51.3333333333
85.0
50.0
69.0
85.6666666667
40.0
72.0
45.3333333333
52.0
37.3333333333
55.0
71.6666666667
48.6666666667
52.6666666667
45.0
90.3333333333
48.0
52.3333333333
78.3333333333
54.6666666667
70.6666666667
46.3333333333
59.3333333333
48.3333333333
48.0
49.3333333333
71.3333333333
65.3333333333
56.6666666667
58.3333333333
65.6666666667
61.6666666667
84.0
38.6666666667
52.0
54.0
58.0
56.6666666667
68.6666666667
71.6666666667
56.6666666667
52.0
65.6666666667
73.0
38.0
63.6666666667
58.0
71.3333333333
60.6666666667
61.6666666667
58.3333333333
59.6666666667
39.3333333333
41.6666666667
61.3333333333
84.0
85.6666666667
62.0
84.0
55.0
60.3333333333
71.0
71.3333333333
56.6666666667
67.0
64.6666666667
59.6666666667
85.3333333333
73.3333333333
58.3333333333
69.0
71.3333333333
54.3333333333
56.6666666667
76.0
51.6666666667
41.6666666667
64.0
59.6666666667
48.6666666667
55.3333333333
62.0
75.3333333333
67.0
57.3333333333
48.3333333333
67.6666666667
69.3333333333
54.0
83.0
80.6666666667
83.0
49.0
46.6666666667
48.6666666667
61.3333333333
64.3333333333
61.3333333333
41.6666666667
70.0
43.6666666667
74.3333333333
75.3333333333
62.9669421488 59.5454545455 61.4462809917